Array([[[ 3.73661010e-06,  5.38420522e-07, -2.44149930e-07, ...,
          1.04669107e-06, -5.84491090e-06, -5.12298266e-06],
        [ 3.09393999e-06,  7.10643633e-07, -3.14052130e-07, ...,
         -2.82070937e-06, -8.22427046e-06, -6.92067852e-06],
        [ 3.26518102e-06,  6.48655600e-07, -2.02860505e-07, ...,
         -1.67355324e-06, -6.68078837e-06, -5.81830000e-06]],

       [[-5.82137682e-06, -2.00860723e-06,  8.65760171e-07, ...,
          3.94933659e-06,  3.38694781e-06,  9.21361504e-07],
        [ 1.65772036e-07,  1.33206595e-06, -3.00389701e-07, ...,
          3.04058426e-06,  3.06430752e-06,  1.54186830e-06],
        [ 3.54344479e-06, -3.35883260e-06, -9.46608452e-06, ...,
          8.26392125e-07,  1.05991774e-06, -3.05206498e-07]],

       [[ 1.09528683e-05,  7.14158114e-06,  1.10373821e-05, ...,
         -4.25461985e-06, -5.65399478e-06, -9.14590782e-06],
        [ 4.34179583e-07, -3.43419129e-06, -1.13377848e-06, ...,
         -4.20445531e-06, -5.90971194e-06, -1.03905877e-05],
        [-1.41263502e-06, -5.95578376e-06, -2.89415152e-06, ...,
         -2.19105368e-06, -5.10011660e-06, -1.21339090e-05]],

       ...,

       [[ 5.45639750e-06,  9.12089672e-06,  7.01783165e-06, ...,
          2.04647768e-06, -9.67324922e-06, -1.00528205e-05],
        [ 1.13088363e-05,  1.44205842e-05,  1.23737136e-05, ...,
          6.99550674e-06, -2.65718427e-06, -1.57199429e-06],
        [ 9.40559858e-06,  1.06965872e-05,  9.13752501e-06, ...,
          4.19923617e-06, -5.04971467e-06, -3.54106487e-06]],

       [[ 2.22167346e-05,  1.95662560e-05,  1.75505211e-05, ...,
         -3.03635989e-06, -8.14826592e-07, -2.28862490e-07],
        [ 2.02568353e-05,  1.88415961e-05,  1.63505065e-05, ...,
         -3.14718113e-06, -1.22171230e-07, -1.35663839e-07],
        [ 1.67687449e-05,  1.89982838e-05,  1.38798468e-05, ...,
         -2.40067266e-06, -1.13281362e-06, -2.94734514e-06]],

       [[ 7.83679934e-06,  8.54953396e-06,  1.04912815e-05, ...,
          5.23910421e-06, -3.88263061e-06, -1.87208593e-06],
        [ 7.62210266e-06,  5.80327105e-06,  8.36612344e-06, ...,
          4.74743911e-06, -5.87108434e-06, -3.01539922e-06],
        [ 1.08326885e-05,  1.07133310e-05,  1.32852265e-05, ...,
          4.90350885e-06, -8.07473589e-06, -2.78193215e-06]]],      dtype=float32)